<?xml version="1.0" encoding="utf-8"?>
<COLLADA xmlns="http://www.collada.org/2005/11/COLLADASchema" version="1.4.1">
<asset>
	<contributor>
		<author>Anonymous</author>
		<authoring_tool>Collada Exporter for Blender 2.6+, by Juan Linietsky (juan@codenix.com)</authoring_tool>
	</contributor>
	<created>2020-03-23T19:34:36Z</created>
	<modified>2020-03-23T19:34:36Z</modified>
	<unit meter="1.0" name="meter"/>
	<up_axis>Z_UP</up_axis>
</asset>
<library_effects>
	<effect id="id-fx-61" name="mat_wpn_mega-fx">
		<profile_COMMON>
			<technique sid="common">
				<blinn>
					<emission>
						<color>  0.0 0.0 0.0 1.0 </color>
					</emission>
					<ambient>
						<color>  0.0 0.0 0.0 1.0 </color>
					</ambient>
					<diffuse>
						<color>  0.2799999994039535 0.2799999994039535 0.2799999994039535 1.0 </color>
					</diffuse>
					<specular>
						<color>  0.15000000596046448 0.15000000596046448 0.15000000596046448 1.0 </color>
					</specular>
					<shininess>
						<float>50</float>
					</shininess>
					<reflective>
						<color>  1.0 1.0 1.0 1.0 </color>
					</reflective>
					<index_of_refraction>
						<float>4.0</float>
					</index_of_refraction>
				</blinn>
				<extra>
					<technique profile="FCOLLADA">
					</technique>
					<technique profile="GOOGLEEARTH">
						<double_sided>0</double_sided>
					</technique>
				</extra>
			</technique>
		</profile_COMMON>
	</effect>
</library_effects>
<library_materials>
	<material id="id-material-62" name="mat_wpn_mega">
		<instance_effect url="#id-fx-61"/>
	</material>
</library_materials>
<library_geometries>
	<geometry id="id-mesh-63" name="Mesh.002">
		<mesh>
			<source id="id-mesh-63-positions">
				<float_array id="id-mesh-63-positions-array" count="9"> -4.76837158203125e-07 0.0 2.1388766765594482 0.4616837501525879 0.0 0.014900922775268555 -0.4616837501525879 0.0 0.014900922775268555</float_array>
				<technique_common>
				<accessor source="#id-mesh-63-positions-array" count="3" stride="3">
					<param name="X" type="float"/>
					<param name="Y" type="float"/>
					<param name="Z" type="float"/>
				</accessor>
				</technique_common>
			</source>
			<source id="id-mesh-63-normals">
				<float_array id="id-mesh-63-normals-array" count="9"> 0.0 1.0 0.0 0.0 1.0 0.0 0.0 1.0 0.0</float_array>
				<technique_common>
				<accessor source="#id-mesh-63-normals-array" count="3" stride="3">
					<param name="X" type="float"/>
					<param name="Y" type="float"/>
					<param name="Z" type="float"/>
				</accessor>
				</technique_common>
			</source>
			<source id="id-mesh-63-texcoord-0">
				<float_array id="id-mesh-63-texcoord-0-array" count="6"> 0.6924437284469604 0.584426999092102 0.7023779153823853 0.5795862078666687 0.7023779153823853 0.5882833003997803</float_array>
				<technique_common>
				<accessor source="#id-mesh-63-texcoord-0-array" count="3" stride="2">
					<param name="S" type="float"/>
					<param name="T" type="float"/>
				</accessor>
				</technique_common>
			</source>
			<source id="id-mesh-63-colors">
				<float_array id="id-mesh-63-colors-array" count="9"> 1.0 1.0 1.0 1.0 1.0 1.0 1.0 1.0 1.0</float_array>
				<technique_common>
				<accessor source="#id-mesh-63-colors-array" count="3" stride="3">
					<param name="X" type="float"/>
					<param name="Y" type="float"/>
					<param name="Z" type="float"/>
				</accessor>
				</technique_common>
			</source>
			<vertices id="id-mesh-63-vertices">
				<input semantic="POSITION" source="#id-mesh-63-positions"/>
			</vertices>
			<polygons count="1" material="id-trimat-64">
				<input semantic="VERTEX" source="#id-mesh-63-vertices" offset="0"/>
				<input semantic="NORMAL" source="#id-mesh-63-normals" offset="0"/>
				<input semantic="TEXCOORD" source="#id-mesh-63-texcoord-0" offset="0" set="0"/>
				<input semantic="COLOR" source="#id-mesh-63-colors" offset="0"/>
				<p> 0 1 2 </p>
			</polygons>
		</mesh>
	</geometry>
</library_geometries>
<library_controllers>
	<controller id="id-controller-65">
		<skin source="#id-mesh-63">
			<bind_shape_matrix> 1.0 0.0 0.0 0.0 0.0 1.0 0.0 0.0 0.0 0.0 1.0 0.0 0.0 0.0 0.0 1.0  </bind_shape_matrix>
			<source id="id-controller-65-joints">
				<Name_array id="id-controller-65-joints-array" count="58"> id-skelbones-2-0 id-skelbones-2-1 id-skelbones-2-2 id-skelbones-2-3 id-skelbones-2-4 id-skelbones-2-5 id-skelbones-2-6 id-skelbones-2-7 id-skelbones-2-8 id-skelbones-2-9 id-skelbones-2-10 id-skelbones-2-11 id-skelbones-2-12 id-skelbones-2-13 id-skelbones-2-14 id-skelbones-2-15 id-skelbones-2-16 id-skelbones-2-17 id-skelbones-2-18 id-skelbones-2-19 id-skelbones-2-20 id-skelbones-2-21 id-skelbones-2-22 id-skelbones-2-23 id-skelbones-2-24 id-skelbones-2-25 id-skelbones-2-26 id-skelbones-2-27 id-skelbones-2-28 id-skelbones-2-29 id-skelbones-2-30 id-skelbones-2-31 id-skelbones-2-32 id-skelbones-2-33 id-skelbones-2-34 id-skelbones-2-35 id-skelbones-2-36 id-skelbones-2-37 id-skelbones-2-38 id-skelbones-2-39 id-skelbones-2-40 id-skelbones-2-41 id-skelbones-2-42 id-skelbones-2-43 id-skelbones-2-44 id-skelbones-2-45 id-skelbones-2-46 id-skelbones-2-47 id-skelbones-2-48 id-skelbones-2-49 id-skelbones-2-50 id-skelbones-2-51 id-skelbones-2-52 id-skelbones-2-53 id-skelbones-2-54 id-skelbones-2-55 id-skelbones-2-56 id-skelbones-2-57</Name_array>
				<technique_common>
				<accessor source="#id-controller-65-joints-array" count="58" stride="1">
					<param name="JOINT" type="Name"/>
				</accessor>
				</technique_common>
			</source>
			<source id="id-controller-65-bind_poses">
				<float_array id="id-controller-65-bind_poses-array" count="928">  0.16590115427970886 -0.19217151403427124 -0.9672367572784424 137.20733642578125 0.9859345555305481 0.012182651087641716 0.16668778657913208 -26.041189193725586 -0.020249130204319954 -0.9812857508659363 0.19148965179920197 -29.92844009399414 -0.0 0.0 -0.0 1.0    -0.4921313524246216 -0.0947859138250351 -0.8653452396392822 130.0514678955078 0.8649777770042419 0.05875636264681816 -0.4983583092689514 62.46171188354492 0.09808188676834106 -0.9937620759010315 0.05307185649871826 -11.30283260345459 -0.0 0.0 -0.0 1.0    -0.7117363810539246 -0.10102319717407227 -0.6951444745063782 110.35456848144531 0.6892961859703064 0.09014660120010376 -0.7188493609428406 87.78887939453125 0.1352853626012802 -0.9907914400100708 0.005474291276186705 -5.337953090667725 -0.0 0.0 -0.0 1.0    -0.7610154151916504 -0.10838215053081512 -0.6396163105964661 104.02793884277344 0.6455531716346741 -0.02900509163737297 -0.7631643414497375 87.51786804199219 0.06416124850511551 -0.9936860799789429 0.09203976392745972 -15.323506355285645 -0.0 0.0 -0.0 1.0    -0.7610071301460266 -0.10850173234939575 -0.6396058797836304 104.02616119384766 0.5067761540412903 -0.7149550914764404 -0.48168155550956726 38.84040069580078 -0.4050261974334717 -0.6907000541687012 0.5990719795227051 -59.359004974365234 -0.0 0.0 -0.0 1.0    -0.760917067527771 -0.10775189101696014 -0.6398395299911499 104.05756378173828 0.5064038634300232 -0.715140163898468 -0.4817982316017151 25.86079216003418 -0.4056602716445923 -0.6906256675720215 0.5987284183502197 -59.29216384887695 -0.0 0.0 -0.0 1.0    0.6795294284820557 -0.020181085914373398 -0.7333706021308899 45.95651626586914 0.724567174911499 -0.13833288848400116 0.6751788258552551 -111.17141723632812 -0.11507511883974075 -0.9901801347732544 -0.07937872409820557 -6.149271011352539 -0.0 0.0 -0.0 1.0    -0.4229273200035095 0.09162696450948715 -0.9015192985534668 120.05509185791016 0.04258165508508682 -0.991766095161438 -0.12077554315328598 -9.364020347595215 -0.9051626324653625 -0.08946740627288818 0.41554325819015503 -2.8266639709472656 -0.0 0.0 0.0 1.0    0.6898180842399597 -0.7221279740333557 0.051793038845062256 -57.633724212646484 -0.6882617473602295 -0.676296055316925 -0.26252520084381104 44.66304397583008 0.2246042937040329 0.14544735848903656 -0.9635341763496399 96.4863052368164 -0.0 0.0 -0.0 1.0    0.8983855247497559 -0.4159661531448364 0.14098186790943146 -68.35726165771484 -0.3534156382083893 -0.875227153301239 -0.3302649259567261 27.40933609008789 0.2607702314853668 0.2468799501657486 -0.9333001375198364 94.39122772216797 -0.0 0.0 -0.0 1.0    0.822029709815979 -0.46760597825050354 0.32498031854629517 -85.93500518798828 -0.18709109723567963 -0.7607927322387695 -0.6214431524276733 50.17952346801758 0.5378331542015076 0.45004358887672424 -0.7128788232803345 65.01304626464844 -0.0 0.0 -0.0 1.0    0.7662690281867981 0.35611167550086975 -0.5348047018051147 27.227937698364258 0.22291088104248047 -0.9279993772506714 -0.2985422611236572 -1.1010959148406982 -0.6026129722595215 0.10954993218183517 -0.7904785871505737 116.98223876953125 -0.0 0.0 0.0 1.0    0.7473923563957214 0.4447528123855591 -0.49355781078338623 26.655418395996094 0.1182193011045456 -0.820052981376648 -0.5599439144134521 26.81178855895996 -0.6537804007530212 0.3601497411727905 -0.6654797792434692 114.37517547607422 -0.0 0.0 0.0 1.0    0.7471572160720825 0.43703216314315796 -0.5007583498954773 27.149105072021484 -0.02400757372379303 -0.7351824641227722 -0.6774441003799438 46.252342224121094 -0.6642136573791504 0.5181792974472046 -0.538804829120636 107.18952178955078 -0.0 0.0 0.0 1.0    0.5485249161720276 0.5808755159378052 -0.6014181971549988 52.70803451538086 -0.06287182867527008 -0.6885939836502075 -0.7224161624908447 51.87770462036133 -0.8337669968605042 0.43407559394836426 -0.3411904573440552 93.08429718017578 -0.0 0.0 0.0 1.0    0.5747349858283997 0.6724105477333069 -0.4664158225059509 36.934234619140625 0.4732773005962372 -0.7380849719047546 -0.48087358474731445 10.345427513122559 -0.6675989031791687 0.05563075840473175 -0.742439866065979 113.83649444580078 -0.0 0.0 0.0 1.0    0.5742027163505554 0.6982985138893127 -0.42739975452423096 33.6987190246582 0.20329293608665466 -0.6272976994514465 -0.7517778277397156 48.264095306396484 -0.7930721044540405 0.3447854816913605 -0.5021551251411438 104.2353515625 -0.0 0.0 0.0 1.0    0.5885053873062134 0.6474177837371826 -0.4842642843723297 37.01490020751953 0.08889763802289963 -0.6471565961837769 -0.7571566700935364 50.6229362487793 -0.803591251373291 0.40254077315330505 -0.43840891122817993 100.2412109375 -0.0 0.0 0.0 1.0    0.3611440360546112 0.7425153255462646 -0.5641330480575562 60.420597076416016 0.0875646248459816 -0.6292917132377625 -0.7722207307815552 49.7950325012207 -0.9283897280693054 0.22948476672172546 -0.2922828495502472 86.94024658203125 -0.0 0.0 0.0 1.0    0.5892939567565918 0.6579338908195496 -0.4688878655433655 33.859901428222656 0.48712262511253357 -0.7523554563522339 -0.44347843527793884 4.751201152801514 -0.6445497274398804 0.03293323144316673 -0.7638529539108276 113.91797637939453 -0.0 0.0 0.0 1.0    0.46468546986579895 0.8208906054496765 -0.33197325468063354 31.095073699951172 0.2936709523200989 -0.4965636730194092 -0.8168121576309204 53.91035842895508 -0.8353591561317444 0.28206971287727356 -0.47181761264801025 101.25955963134766 -0.0 0.0 0.0 1.0    0.4931545853614807 0.7706859111785889 -0.403536856174469 35.1837043762207 0.1832096427679062 -0.5454717874526978 -0.817859947681427 55.403175354003906 -0.8504309058189392 0.329399436712265 -0.4101989269256592 97.33602905273438 -0.0 0.0 0.0 1.0    0.26142802834510803 0.8562114834785461 -0.4455980360507965 54.80059051513672 0.14258870482444763 -0.49084600806236267 -0.8594992160797119 60.657466888427734 -0.9546328186988831 0.16115979850292206 -0.2504069209098816 82.49281311035156 -0.0 0.0 0.0 1.0    0.2938428819179535 0.8814375996589661 -0.36976197361946106 43.593971252441406 0.5609447360038757 -0.47223877906799316 -0.6799494028091431 32.093990325927734 -0.7739490866661072 -0.007617694325745106 -0.6332018375396729 105.91177368164062 -0.0 0.0 -0.0 1.0    0.27205610275268555 0.9075490236282349 -0.3199063837528229 40.401702880859375 0.2816345691680908 -0.3929835855960846 -0.8753544092178345 63.193077087402344 -0.9201452732086182 0.14804886281490326 -0.3625108003616333 90.44886779785156 -0.0 0.0 0.0 1.0    0.2840960919857025 0.8900888562202454 -0.3564140200614929 42.89631652832031 0.12691600620746613 -0.40337073802948 -0.906191885471344 72.17842864990234 -0.950358510017395 0.2122110277414322 -0.22756262123584747 80.43043518066406 -0.0 0.0 0.0 1.0    0.24602818489074707 0.9036814570426941 -0.35047096014022827 44.78738784790039 0.15762990713119507 -0.3940754234790802 -0.905459463596344 68.93785095214844 -0.9563590884208679 0.16752393543720245 -0.2394009232521057 80.7169418334961 -0.0 0.0 0.0 1.0    0.16436681151390076 0.19211414456367493 0.9675101041793823 -137.2635955810547 -0.9861956238746643 0.012074550613760948 0.16514359414577484 -25.821571350097656 0.02004416659474373 -0.9812983274459839 0.19144675135612488 -29.92592430114746 -0.0 0.0 -0.0 1.0    -0.49218887090682983 0.09302529692649841 0.8655036091804504 -130.07937622070312 -0.865142822265625 0.05774446576833725 -0.49819034337997437 62.43303680419922 -0.09632235765457153 -0.9939879179000854 0.05205894634127617 -11.139181137084961 0.0 0.0 -0.0 1.0    -0.711625874042511 0.10381782054901123 0.6948457360267639 -110.3070297241211 -0.6888433694839478 0.09136493504047394 -0.719129741191864 87.83647155761719 -0.13814300298690796 -0.990390956401825 0.006496519315987825 -5.54439115524292 0.0 0.0 -0.0 1.0    -0.7610082626342773 0.10848883539438248 0.6396066546440125 -104.02552032470703 -0.6455508470535278 -0.02896563522517681 -0.7631680369377136 87.5194091796875 -0.0642685741186142 -0.9936754107475281 0.09207811951637268 -15.332996368408203 0.0 0.0 -0.0 1.0    -0.7610069513320923 0.10850222408771515 0.6396058797836304 -104.02536010742188 -0.5067764520645142 -0.7149549126625061 -0.48168158531188965 38.84039306640625 0.405025839805603 -0.6906998753547668 0.599072277545929 -59.360557556152344 0.0 0.0 -0.0 1.0    -0.7609726786613464 0.10794279724359512 0.6397414207458496 -104.04573059082031 -0.506497323513031 -0.7150536179542542 -0.481828898191452 25.86134910583496 0.40543943643569946 -0.6906855702400208 0.5988091826438904 -59.3128776550293 0.0 0.0 -0.0 1.0    0.6795294284820557 0.020181085914373398 0.7333706021308899 -45.95651626586914 -0.724567174911499 -0.13833288848400116 0.6751788258552551 -111.17141723632812 0.11507511883974075 -0.9901801347732544 -0.07937872409820557 -6.149271011352539 -0.0 0.0 -0.0 1.0    -0.4229273200035095 -0.09162696450948715 0.9015192985534668 -120.05509185791016 -0.04258165508508682 -0.991766095161438 -0.12077554315328598 -9.364020347595215 0.9051626324653625 -0.08946740627288818 0.41554325819015503 -2.8266639709472656 -0.0 0.0 -0.0 1.0    0.6898180842399597 0.7221279740333557 -0.051793038845062256 57.633724212646484 0.6882617473602295 -0.676296055316925 -0.26252520084381104 44.66304397583008 -0.2246042937040329 0.14544735848903656 -0.9635341763496399 96.4863052368164 -0.0 0.0 0.0 1.0    0.8983855247497559 0.4159661531448364 -0.14098186790943146 68.35726165771484 0.3534156382083893 -0.875227153301239 -0.3302649259567261 27.40933609008789 -0.2607702314853668 0.2468799501657486 -0.9333001375198364 94.39122772216797 -0.0 0.0 0.0 1.0    0.8310599327087402 0.4377012848854065 -0.3431575298309326 87.32384490966797 0.1907704472541809 -0.8038869500160217 -0.5633583068847656 42.872459411621094 -0.5224425196647644 0.4027201235294342 -0.7515785694122314 68.30813598632812 -0.0 0.0 0.0 1.0    0.7662690281867981 -0.35611167550086975 0.5348047018051147 -27.227937698364258 -0.22291088104248047 -0.9279993772506714 -0.2985422611236572 -1.1010959148406982 0.6026129722595215 0.10954993218183517 -0.7904785871505737 116.98223876953125 -0.0 0.0 -0.0 1.0    0.7473923563957214 -0.4447528123855591 0.49355781078338623 -26.655418395996094 -0.1182193011045456 -0.820052981376648 -0.5599439144134521 26.81178855895996 0.6537804007530212 0.3601497411727905 -0.6654797792434692 114.37517547607422 -0.0 0.0 -0.0 1.0    0.7471572160720825 -0.43703216314315796 0.5007583498954773 -27.149105072021484 0.02400757372379303 -0.7351824641227722 -0.6774441003799438 46.252342224121094 0.6642136573791504 0.5181792974472046 -0.538804829120636 107.18952178955078 -0.0 0.0 -0.0 1.0    0.5551206469535828 -0.6087523102760315 0.5667994618415833 -49.85507583618164 0.06522060930728912 -0.647482693195343 -0.7592841982841492 57.17229080200195 0.8292087912559509 0.45846137404441833 -0.31972789764404297 91.54191589355469 -0.0 0.0 -0.0 1.0    0.5747349858283997 -0.6724105477333069 0.4664158225059509 -36.934234619140625 -0.4732773005962372 -0.7380849719047546 -0.48087358474731445 10.345427513122559 0.6675989031791687 0.05563075840473175 -0.742439866065979 113.83649444580078 -0.0 0.0 -0.0 1.0    0.5742027163505554 -0.6982985138893127 0.42739975452423096 -33.6987190246582 -0.20329293608665466 -0.6272976994514465 -0.7517778277397156 48.264095306396484 0.7930721044540405 0.3447854816913605 -0.5021551251411438 104.2353515625 -0.0 0.0 -0.0 1.0    0.5885053873062134 -0.6474177837371826 0.4842642843723297 -37.01490020751953 -0.08889763802289963 -0.6471565961837769 -0.7571566700935364 50.6229362487793 0.803591251373291 0.40254077315330505 -0.43840891122817993 100.2412109375 -0.0 0.0 -0.0 1.0    0.3614732325077057 -0.755746603012085 0.546062707901001 -59.07564163208008 -0.08914520591497421 -0.6109941005706787 -0.7866001725196838 51.72987365722656 0.9281113147735596 0.2356560230255127 -0.2882291078567505 86.73461151123047 -0.0 0.0 -0.0 1.0    0.5892939567565918 -0.6579338908195496 0.4688878655433655 -33.859901428222656 -0.48712262511253357 -0.7523554563522339 -0.44347843527793884 4.751201152801514 0.6445497274398804 0.03293323144316673 -0.7638529539108276 113.91797637939453 -0.0 0.0 -0.0 1.0    0.46468546986579895 -0.8208906054496765 0.33197325468063354 -31.095073699951172 -0.2936709523200989 -0.4965636730194092 -0.8168121576309204 53.91035842895508 0.8353591561317444 0.28206971287727356 -0.47181761264801025 101.25955963134766 -0.0 0.0 -0.0 1.0    0.4931545853614807 -0.7706859111785889 0.403536856174469 -35.1837043762207 -0.1832096427679062 -0.5454717874526978 -0.817859947681427 55.403175354003906 0.8504309058189392 0.329399436712265 -0.4101989269256592 97.33602905273438 -0.0 0.0 -0.0 1.0    0.266959547996521 -0.8611230254173279 0.4326663911342621 -53.38449478149414 -0.1787848025560379 -0.4854205250740051 -0.8558056950569153 58.44475173950195 0.9469788074493408 0.1511111706495285 -0.2835432291030884 84.98121643066406 -0.0 0.0 -0.0 1.0    0.2938428819179535 -0.8814375996589661 0.36976197361946106 -43.593971252441406 -0.5609447360038757 -0.47223877906799316 -0.6799494028091431 32.093990325927734 0.7739490866661072 -0.007617694325745106 -0.6332018375396729 105.91177368164062 -0.0 0.0 -0.0 1.0    0.27205610275268555 -0.9075490236282349 0.3199063837528229 -40.401702880859375 -0.2816345691680908 -0.3929835855960846 -0.8753544092178345 63.193077087402344 0.9201452732086182 0.14804886281490326 -0.3625108003616333 90.44886779785156 -0.0 0.0 -0.0 1.0    0.2840960919857025 -0.8900888562202454 0.3564140200614929 -42.89631652832031 -0.12691600620746613 -0.40337073802948 -0.906191885471344 72.17842864990234 0.950358510017395 0.2122110277414322 -0.22756262123584747 80.43043518066406 -0.0 0.0 -0.0 1.0    0.2482832372188568 -0.8990453481674194 0.3606560230255127 -45.530723571777344 -0.14937515556812286 -0.4033944606781006 -0.9027510285377502 68.88048553466797 0.9571008682250977 0.17026495933532715 -0.23445111513137817 80.34920501708984 -0.0 0.0 -0.0 1.0    1.0 -0.0 0.0 -0.0 -0.0 0.0 1.0 0.0 0.0 -1.0 0.0 -0.0 -0.0 0.0 -0.0 1.0    1.0 -4.053114935231861e-06 -1.7982266717342377e-11 2.687767342024472e-09 1.7347236827719602e-18 -4.4366533984430134e-06 1.0000001192092896 -149.2250518798828 -4.053114935231861e-06 -1.0 -4.4366533984430134e-06 0.0006631362484768033 -0.0 0.0 -0.0 1.0    -0.7071068286895752 8.324472844378761e-08 -0.7071067094802856 1.45973801612854 4.519484519960315e-08 -1.0 -1.6292068494294654e-07 26.553844451904297 -0.7071067094802856 -1.471599091473763e-07 0.7071068286895752 -1.4603381156921387 -0.0 0.0 0.0 1.0    1.0 -2.2197366167375776e-09 3.874302478834579e-07 -4.6779093742370605 -3.576278970740532e-07 1.317487431151676e-06 1.000000238418579 -4.794572353363037 -1.4410307613843543e-08 -1.0 1.2377887514958275e-06 -17.66664695739746 -0.0 0.0 -0.0 1.0  </float_array>
				<technique_common>
				<accessor source="#id-controller-65-bind_poses-array" count="58" stride="16">
					<param name="TRANSFORM" type="float4x4"/>
				</accessor>
				</technique_common>
			</source>
			<source id="id-controller-65-skin_weights">
				<float_array id="id-controller-65-skin_weights-array" count="3"> 1.0 1.0 1.0</float_array>
				<technique_common>
				<accessor source="#id-controller-65-skin_weights-array" count="3" stride="1">
					<param name="WEIGHT" type="float"/>
				</accessor>
				</technique_common>
			</source>
			<joints>
				<input semantic="JOINT" source="#id-controller-65-joints"/>
				<input semantic="INV_BIND_MATRIX" source="#id-controller-65-bind_poses"/>
			</joints>
			<vertex_weights count="3">
				<input semantic="JOINT" source="#id-controller-65-joints" offset="0"/>
				<input semantic="WEIGHT" source="#id-controller-65-skin_weights" offset="1"/>
				<vcount> 1 1 1</vcount>
				<v> 57 0 57 1 57 2</v>
			</vertex_weights>
		</skin>
	</controller>
</library_controllers>
<library_visual_scenes>
	<visual_scene id="id-scene-1" name="scene">
		<node id="Armature_1stPerson" name="Armature_1stPerson" type="NODE">
			<matrix sid="transform"> 1.0 0.0 0.0 0.0 0.0 -1.6292068494294654e-07 -1.0 0.0 0.0 1.0 -1.6292068494294654e-07 0.0 0.0 0.0 0.0 1.0  </matrix>
			<node id="id-bone-3" sid="id-skelbones-2-0" name="clavicle_L" type="JOINT">
				<matrix sid="transform"> 0.16590118408203125 0.9859344363212585 -0.0202491357922554 2.3060221672058105 -0.9672366976737976 0.1666877269744873 0.1914898157119751 142.78370666503906 0.19217169284820557 -0.012182675302028656 0.9812857508659363 2.6837339401245117 0.0 0.0 0.0 1.0  </matrix>
				<node id="id-bone-4" sid="id-skelbones-2-1" name="shoulder01_L" type="JOINT">
					<matrix sid="transform"> 0.7735636830329895 0.6142399907112122 0.1559116542339325 2.2023916244506836e-05 -0.630606472492218 0.7704571485519409 0.09344211220741272 8.90219497680664 -0.06272734701633453 -0.17060230672359467 0.98334139585495 -1.6391277313232422e-07 0.0 0.0 0.0 1.0  </matrix>
					<node id="id-bone-5" sid="id-skelbones-2-2" name="upperarm01_L" type="JOINT">
						<matrix sid="transform"> 0.9613832235336304 0.2742839455604553 0.02259776182472706 -5.4389238357543945e-06 -0.2751409411430359 0.9597671627998352 0.05607537180185318 8.867213249206543 -0.006308019161224365 -0.06012749299407005 0.998170793056488 0.0 0.0 0.0 0.0 1.0  </matrix>
						<node id="id-bone-6" sid="id-skelbones-2-3" name="upperarm02_L" type="JOINT">
							<matrix sid="transform"> 0.997217059135437 0.07397598773241043 -0.00926148146390915 -1.068413257598877e-05 -0.07454762607812881 0.9909629225730896 -0.11151403188705444 7.108177661895752 0.0009284086991101503 0.11189412325620651 0.9937195777893066 8.344650268554688e-07 0.0 0.0 0.0 1.0  </matrix>
							<node id="id-bone-7" sid="id-skelbones-2-4" name="lowerarm01_L" type="JOINT">
								<matrix sid="transform"> 0.9999998807907104 -8.46758484840393e-05 -8.548051118850708e-05 -2.1457672119140625e-06 9.478535503149033e-07 0.7154904007911682 -0.6986224055290222 18.2582950592041 0.00012033805251121521 0.6986224055290222 0.715490460395813 -1.1920928955078125e-07 0.0 0.0 0.0 1.0  </matrix>
								<node id="id-bone-8" sid="id-skelbones-2-5" name="lowerarm02_L" type="JOINT">
									<matrix sid="transform"> 0.9999996423721313 0.0003780871629714966 0.0006942078471183777 -1.1801719665527344e-05 -0.00037783384323120117 0.9999998807907104 -0.00020894408226013184 13.006532669067383 -0.0006943792104721069 0.00020875036716461182 0.9999997019767761 7.62939453125e-06 0.0 0.0 0.0 1.0  </matrix>
								</node>
							</node>
						</node>
					</node>
				</node>
			</node>
			<node id="id-bone-9" sid="id-skelbones-2-6" name="Handle_L" type="JOINT">
				<matrix sid="transform"> 0.6795293688774109 0.7245670557022095 -0.11507511883974075 48.61471176147461 -0.7333706617355347 0.6751788854598999 -0.07937856018543243 108.275634765625 0.020181193947792053 0.1383327841758728 0.9901801943778992 20.540081024169922 0.0 0.0 0.0 1.0  </matrix>
				<node id="id-bone-10" sid="id-skelbones-2-7" name="wrist_L" type="JOINT">
					<matrix sid="transform"> 0.37190717458724976 0.1375236064195633 -0.9180263876914978 -4.470348358154297e-07 -0.9278010725975037 0.0865020602941513 -0.3629087209701538 8.821487426757812e-06 0.029502633959054947 0.9867141246795654 0.1597653031349182 0.0 0.0 0.0 0.0 1.0  </matrix>
					<node id="id-bone-11" sid="id-skelbones-2-8" name="finger1-1_L" type="JOINT">
						<matrix sid="transform"> -0.40460166335105896 0.46578922867774963 0.7869802117347717 -2.1457672119140625e-06 0.7393001914024353 0.6731268167495728 -0.018314450979232788 4.947796821594238 -0.5382680296897888 0.5744045972824097 -0.6167061924934387 -4.291534423828125e-06 0.0 0.0 0.0 1.0  </matrix>
						<node id="id-bone-12" sid="id-skelbones-2-9" name="finger1-2_L" type="JOINT">
							<matrix sid="transform"> 0.9274049997329712 0.37112805247306824 -0.04673347249627113 -3.814697265625e-06 -0.3740192651748657 0.9218578338623047 -0.10142721235752106 3.4024391174316406 0.005439139902591705 0.11154337972402573 0.9937447309494019 6.67572021484375e-06 0.0 0.0 0.0 1.0  </matrix>
							<node id="id-bone-13" sid="id-skelbones-2-10" name="finger1-3_L" type="JOINT">
								<matrix sid="transform"> 0.9788237810134888 0.06077186018228531 0.1954754889011383 -1.9073486328125e-06 0.011413760483264923 0.9372280836105347 -0.3485301733016968 4.019528388977051 -0.2043858915567398 0.3433806896209717 0.9166876077651978 1.9073486328125e-06 0.0 0.0 0.0 1.0  </matrix>
							</node>
						</node>
					</node>
					<node id="id-bone-14" sid="id-skelbones-2-11" name="metacarpal1_L" type="JOINT">
						<matrix sid="transform"> 0.19069011509418488 0.08983676135540009 0.9775308966636658 0.6081340312957764 -0.25595927238464355 0.965907096862793 -0.038837701082229614 3.21209979057312 -0.9476930499076843 -0.24280214309692383 0.20718355476856232 -1.5270764827728271 0.0 0.0 0.0 1.0  </matrix>
						<node id="id-bone-15" sid="id-skelbones-2-12" name="finger2-1_L" type="JOINT">
							<matrix sid="transform"> 0.9950425624847412 0.09801793843507767 -0.01681634783744812 -5.7220458984375e-06 -0.09878061711788177 0.9545281529426575 -0.28127965331077576 8.110747337341309 -0.011518772691488266 0.281546413898468 0.9594784379005432 1.71661376953125e-05 0.0 0.0 0.0 1.0  </matrix>
							<node id="id-bone-16" sid="id-skelbones-2-13" name="finger2-2_L" type="JOINT">
								<matrix sid="transform"> 0.999944269657135 -0.010559648275375366 -3.5122036933898926e-05 3.814697265625e-06 0.010335475206375122 0.9793810248374939 -0.20175689458847046 2.8587512969970703 0.0021648406982421875 0.20174530148506165 0.9794356226921082 -6.67572021484375e-06 0.0 0.0 0.0 1.0  </matrix>
								<node id="id-bone-17" sid="id-skelbones-2-14" name="finger2-3_L" type="JOINT">
									<matrix sid="transform"> 0.9648609161376953 0.013842996209859848 -0.26239609718322754 -6.67572021484375e-06 -0.032791007310152054 0.9971483945846558 -0.06797058880329132 2.5779199600219727 0.2607068717479706 0.07418641448020935 0.9625633955001831 -1.9073486328125e-06 0.0 0.0 0.0 1.0  </matrix>
								</node>
							</node>
						</node>
					</node>
					<node id="id-bone-18" sid="id-skelbones-2-15" name="metacarpal2_L" type="JOINT">
						<matrix sid="transform"> 0.23902273178100586 0.16572636365890503 0.9567667841911316 0.5974569320678711 -0.5860691070556641 0.8102380037307739 0.0060683079063892365 3.2089381217956543 -0.7742034196853638 -0.5621820092201233 0.2907925248146057 -1.5188379287719727 0.0 0.0 0.0 1.0  </matrix>
						<node id="id-bone-19" sid="id-skelbones-2-16" name="finger3-1_L" type="JOINT">
							<matrix sid="transform"> 0.9989036321640015 0.04567912220954895 0.010244220495223999 -9.5367431640625e-06 -0.03812126815319061 0.9207228422164917 -0.38835078477859497 7.672100067138672 -0.027171608060598373 0.38753455877304077 0.9214547276496887 -5.245208740234375e-06 0.0 0.0 0.0 1.0  </matrix>
							<node id="id-bone-20" sid="id-skelbones-2-17" name="finger3-2_L" type="JOINT">
								<matrix sid="transform"> 0.996986448764801 -0.07725455611944199 0.0070452094078063965 0.0 0.07757442444562912 0.993245005607605 -0.08629120886325836 3.761641502380371 -0.0003311634063720703 0.0865776315331459 0.9962449073791504 -4.76837158203125e-06 0.0 0.0 0.0 1.0  </matrix>
								<node id="id-bone-21" sid="id-skelbones-2-18" name="finger3-3_L" type="JOINT">
									<matrix sid="transform"> 0.9664421081542969 0.018076546490192413 -0.2562476396560669 1.9073486328125e-06 -0.02128159999847412 0.9997261166572571 -0.009740263223648071 2.9742069244384766 0.25600141286849976 0.014866799116134644 0.9665622115135193 3.814697265625e-06 0.0 0.0 0.0 1.0  </matrix>
								</node>
							</node>
						</node>
					</node>
					<node id="id-bone-22" sid="id-skelbones-2-19" name="metacarpal3_L" type="JOINT">
						<matrix sid="transform"> 0.23376743495464325 0.1248508095741272 0.9642431735992432 1.7019262313842773 -0.570793092250824 0.8204641938209534 0.032146625220775604 2.402705430984497 -0.787113606929779 -0.5578982830047607 0.26306188106536865 -3.4918627738952637 0.0 0.0 0.0 1.0  </matrix>
						<node id="id-bone-23" sid="id-skelbones-2-20" name="finger4-1_L" type="JOINT">
							<matrix sid="transform"> 0.9695860743522644 0.22934582829475403 -0.08545930683612823 -5.7220458984375e-06 -0.24401970207691193 0.8788845539093018 -0.4098981022834778 6.464127540588379 -0.018899520859122276 0.41828519105911255 0.9081191420555115 1.1444091796875e-05 0.0 0.0 0.0 1.0  </matrix>
							<node id="id-bone-24" sid="id-skelbones-2-21" name="finger4-2_L" type="JOINT">
								<matrix sid="transform"> 0.9957737922668457 -0.09113006293773651 0.011393114924430847 0.0 0.09174445271492004 0.9927026033401489 -0.07825924456119537 3.3010168075561523 -0.004178181290626526 0.07897378504276276 0.9968679547309875 -3.814697265625e-06 0.0 0.0 0.0 1.0  </matrix>
								<node id="id-bone-25" sid="id-skelbones-2-22" name="finger4-3_L" type="JOINT">
									<matrix sid="transform"> 0.9686094522476196 0.03886989504098892 -0.24552953243255615 -1.9073486328125e-06 -0.05470607057213783 0.9968160390853882 -0.05800832062959671 2.722026824951172 0.24249297380447388 0.06961937248706818 0.967651903629303 -9.5367431640625e-07 0.0 0.0 0.0 1.0  </matrix>
								</node>
							</node>
						</node>
					</node>
					<node id="id-bone-26" sid="id-skelbones-2-23" name="metacarpal4_L" type="JOINT">
						<matrix sid="transform"> 0.2898368835449219 0.3324790596961975 0.8974700570106506 1.6967236995697021 -0.8170095086097717 0.5743578672409058 0.05107425898313522 2.409867763519287 -0.4984876811504364 -0.7480447888374329 0.43810850381851196 -3.488710403442383 0.0 0.0 0.0 1.0  </matrix>
						<node id="id-bone-27" sid="id-skelbones-2-24" name="finger5-1_L" type="JOINT">
							<matrix sid="transform"> 0.9981789588928223 0.06003861129283905 -0.005839601159095764 2.86102294921875e-06 -0.058451294898986816 0.9387606978416443 -0.3395760655403137 5.846611976623535 -0.01490570604801178 0.3392990231513977 0.940560519695282 9.834766387939453e-07 0.0 0.0 0.0 1.0  </matrix>
							<node id="id-bone-28" sid="id-skelbones-2-25" name="finger5-2_L" type="JOINT">
								<matrix sid="transform"> 0.9991087317466736 -0.04165393114089966 0.006839774549007416 -1.9073486328125e-06 0.04220953583717346 0.9875016808509827 -0.1518513560295105 2.319582939147949 -0.00042910873889923096 0.15200474858283997 0.9883797764778137 -1.1205673217773438e-05 0.0 0.0 0.0 1.0  </matrix>
								<node id="id-bone-29" sid="id-skelbones-2-26" name="finger5-3_L" type="JOINT">
									<matrix sid="transform"> 0.9991653561592102 0.016738343983888626 -0.03726090490818024 -4.76837158203125e-06 -0.01569981873035431 0.9994848966598511 0.027991674840450287 1.7198400497436523 0.03771026432514191 -0.02738334983587265 0.9989133477210999 1.0013580322265625e-05 0.0 0.0 0.0 1.0  </matrix>
								</node>
							</node>
						</node>
					</node>
				</node>
			</node>
			<node id="id-bone-30" sid="id-skelbones-2-27" name="clavicle_R" type="JOINT">
				<matrix sid="transform"> 0.16436675190925598 -0.9861956238746643 0.020044170320034027 -2.3037073612213135 0.9675099849700928 0.16514363884925842 0.1914469450712204 142.7974090576172 -0.19211427867412567 -0.012074586004018784 0.9812982678413391 2.684173583984375 0.0 0.0 0.0 1.0  </matrix>
				<node id="id-bone-31" sid="id-skelbones-2-28" name="shoulder01_R" type="JOINT">
					<matrix sid="transform"> 0.7743552923202515 -0.6131112575531006 -0.15642377734184265 1.4901161193847656e-06 0.6294502019882202 0.7716244459152222 0.09158792346715927 8.90227222442627 0.06454677879810333 -0.16938255727291107 0.9834344983100891 -2.1904706954956055e-06 0.0 0.0 0.0 1.0  </matrix>
					<node id="id-bone-32" sid="id-skelbones-2-29" name="upperarm01_R" type="JOINT">
						<matrix sid="transform"> 0.9613032937049866 -0.27486881613731384 -0.018516186624765396 6.735324859619141e-06 0.27548760175704956 0.9594868421554565 0.05908728390932083 8.870904922485352 0.0015247687697410583 -0.061901792883872986 0.9980810880661011 -7.152557373046875e-07 0.0 0.0 0.0 1.0  </matrix>
						<node id="id-bone-33" sid="id-skelbones-2-30" name="upperarm02_R" type="JOINT">
							<matrix sid="transform"> 0.9972440600395203 -0.0739002674818039 0.006554044783115387 1.862645149230957e-06 0.0741676390171051 0.9908534288406372 -0.11273224651813507 7.104358196258545 0.0018368507735431194 0.11290766298770905 0.9936038851737976 9.5367431640625e-07 0.0 0.0 0.0 1.0  </matrix>
							<node id="id-bone-34" sid="id-skelbones-2-31" name="lowerarm01_R" type="JOINT">
								<matrix sid="transform"> 0.9999999403953552 9.894371032714844e-06 9.149312973022461e-06 -4.738569259643555e-06 -6.444752216339111e-07 0.7154627442359924 -0.6986507177352905 18.258182525634766 -1.3474375009536743e-05 0.6986506581306458 0.7154628038406372 3.5762786865234375e-07 0.0 0.0 0.0 1.0  </matrix>
								<node id="id-bone-35" sid="id-skelbones-2-32" name="lowerarm02_R" type="JOINT">
									<matrix sid="transform"> 0.9999998211860657 -0.0003173947334289551 -0.0004814043641090393 -1.6689300537109375e-06 0.0003173127770423889 0.9999998807907104 -9.319186210632324e-05 13.006545066833496 0.0004814714193344116 9.301304817199707e-05 0.9999998807907104 0.0 0.0 0.0 0.0 1.0  </matrix>
								</node>
							</node>
						</node>
					</node>
				</node>
			</node>
			<node id="id-bone-36" sid="id-skelbones-2-33" name="Handle_R" type="JOINT">
				<matrix sid="transform"> 0.6795293688774109 -0.7245670557022095 0.11507511883974075 -48.61471176147461 0.7333706617355347 0.6751788854598999 -0.07937856018543243 108.275634765625 -0.020181193947792053 0.1383327841758728 0.9901801943778992 20.540081024169922 0.0 0.0 0.0 1.0  </matrix>
				<node id="id-bone-37" sid="id-skelbones-2-34" name="wrist_R" type="JOINT">
					<matrix sid="transform"> 0.37190717458724976 -0.1375236064195633 0.9180263876914978 4.470348358154297e-07 0.9278010725975037 0.0865020602941513 -0.3629087209701538 8.821487426757812e-06 -0.029502633959054947 0.9867141246795654 0.1597653031349182 0.0 0.0 0.0 0.0 1.0  </matrix>
					<node id="id-bone-38" sid="id-skelbones-2-35" name="finger1-1_R" type="JOINT">
						<matrix sid="transform"> -0.40460166335105896 -0.46578922867774963 -0.7869802117347717 2.1457672119140625e-06 -0.7393001914024353 0.6731268167495728 -0.018314450979232788 4.947796821594238 0.5382680296897888 0.5744045972824097 -0.6167061924934387 -4.291534423828125e-06 0.0 0.0 0.0 1.0  </matrix>
						<node id="id-bone-39" sid="id-skelbones-2-36" name="finger1-2_R" type="JOINT">
							<matrix sid="transform"> 0.9274049997329712 -0.37112805247306824 0.04673347249627113 3.814697265625e-06 0.3740192651748657 0.9218578338623047 -0.10142721235752106 3.4024391174316406 -0.005439139902591705 0.11154337972402573 0.9937447309494019 6.67572021484375e-06 0.0 0.0 0.0 1.0  </matrix>
							<node id="id-bone-40" sid="id-skelbones-2-37" name="finger1-3_R" type="JOINT">
								<matrix sid="transform"> 0.9770600199699402 -0.08358100801706314 -0.19587785005569458 1.9073486328125e-06 0.02395440638065338 0.9570623636245728 -0.28889092803001404 4.019528388977051 0.2116130143404007 0.27757155895233154 0.9371094107627869 1.9073486328125e-06 0.0 0.0 0.0 1.0  </matrix>
							</node>
						</node>
					</node>
					<node id="id-bone-41" sid="id-skelbones-2-38" name="metacarpal1_R" type="JOINT">
						<matrix sid="transform"> 0.19069011509418488 -0.08983676135540009 -0.9775308966636658 -0.6081340312957764 0.25595927238464355 0.965907096862793 -0.038837701082229614 3.21209979057312 0.9476930499076843 -0.24280214309692383 0.20718355476856232 -1.5270764827728271 0.0 0.0 0.0 1.0  </matrix>
						<node id="id-bone-42" sid="id-skelbones-2-39" name="finger2-1_R" type="JOINT">
							<matrix sid="transform"> 0.9950425624847412 -0.09801793843507767 0.01681634783744812 5.7220458984375e-06 0.09878061711788177 0.9545281529426575 -0.28127965331077576 8.110747337341309 0.011518772691488266 0.281546413898468 0.9594784379005432 1.71661376953125e-05 0.0 0.0 0.0 1.0  </matrix>
							<node id="id-bone-43" sid="id-skelbones-2-40" name="finger2-2_R" type="JOINT">
								<matrix sid="transform"> 0.999944269657135 0.010559648275375366 3.5122036933898926e-05 -3.814697265625e-06 -0.010335475206375122 0.9793810248374939 -0.20175689458847046 2.8587512969970703 -0.0021648406982421875 0.20174530148506165 0.9794356226921082 -6.67572021484375e-06 0.0 0.0 0.0 1.0  </matrix>
								<node id="id-bone-44" sid="id-skelbones-2-41" name="finger2-3_R" type="JOINT">
									<matrix sid="transform"> 0.9646363258361816 -0.04851707071065903 0.2590806484222412 6.67572021484375e-06 0.07689609378576279 0.9919562339782715 -0.100547656416893 2.5779199600219727 -0.2521182894706726 0.11691424995660782 0.9606077671051025 -1.9073486328125e-06 0.0 0.0 0.0 1.0  </matrix>
								</node>
							</node>
						</node>
					</node>
					<node id="id-bone-45" sid="id-skelbones-2-42" name="metacarpal2_R" type="JOINT">
						<matrix sid="transform"> 0.23902273178100586 -0.16572636365890503 -0.9567667841911316 -0.5974569320678711 0.5860691070556641 0.8102380037307739 0.0060683079063892365 3.2089381217956543 0.7742034196853638 -0.5621820092201233 0.2907925248146057 -1.5188379287719727 0.0 0.0 0.0 1.0  </matrix>
						<node id="id-bone-46" sid="id-skelbones-2-43" name="finger3-1_R" type="JOINT">
							<matrix sid="transform"> 0.9989036321640015 -0.04567912220954895 -0.010244220495223999 9.5367431640625e-06 0.03812126815319061 0.9207228422164917 -0.38835078477859497 7.672100067138672 0.027171608060598373 0.38753455877304077 0.9214547276496887 -5.245208740234375e-06 0.0 0.0 0.0 1.0  </matrix>
							<node id="id-bone-47" sid="id-skelbones-2-44" name="finger3-2_R" type="JOINT">
								<matrix sid="transform"> 0.996986448764801 0.07725455611944199 -0.0070452094078063965 0.0 -0.07757442444562912 0.993245005607605 -0.08629120886325836 3.761641502380371 0.0003311634063720703 0.0865776315331459 0.9962449073791504 -4.76837158203125e-06 0.0 0.0 0.0 1.0  </matrix>
								<node id="id-bone-48" sid="id-skelbones-2-45" name="finger3-3_R" type="JOINT">
									<matrix sid="transform"> 0.9664510488510132 -0.037816401571035385 0.2540515065193176 -1.9073486328125e-06 0.043497174978256226 0.9989127516746521 -0.01677864044904709 2.9742069244384766 -0.25314071774482727 0.027266204357147217 0.9670451283454895 3.814697265625e-06 0.0 0.0 0.0 1.0  </matrix>
								</node>
							</node>
						</node>
					</node>
					<node id="id-bone-49" sid="id-skelbones-2-46" name="metacarpal3_R" type="JOINT">
